0000000000001000
0000000000001000
0000000000000000
0000000000000000
0000000000000000
0000000000000000
0000000000000000
0000000000000000
1000000000000000
1000001000000001
1000010000000000
0000000000000000
0000000000000000
0000000000000000
1000010110000000
1000011011111110
1000100001011110
0000000000000000
0000000000000000
0000000000000000
1000100100000000
1001110000101000
1000101000010000
0000000000000000
0010110010000000
0000000000000000
0000000000000000
0000000000000000
0010111010000001
0011000010000010
0000000000000000
1010110000000000
1110001100110101
0000000000000000
0000000000000000
0111001011000000
0000000000000000
0000000000000000
0000000000000000
1011001011100010
1110010100101101
0000000000000000
0000000000000000
1101000100000100
0000000000000000
0000000000000000
0000000000000000
1011000001100100
0000000000000000
0000000000000000
0000000000000000
1100111011100100
1111000100010000
0000000000000000
0000000000000000
0000000000000000
0000000000000000
0000000000000000
0111001011100000
0000000000000000
0000000000000000
0000000000000000
0000000000000000
0000000000000000
1011001011000010
1110010100001000
0000000000000000
0000000000000000
1010111011000010
1011000000100000
0000000000000000
0000000000000000
0000000000000000
1010101000100010
1110001100000110
0000000000000000
0000000000000000
1111110000000001
0000000000000000
0000000000000000
0100111010000011
0000000000000000
0000000000000000
0000000000000000
0101000010000100
0000000000000000
1110000111111111
0000000000000000
0000000000000000
0000000000000000
0000000000000000
0000000000000000
0000000000000000
0000000000000000
0000000000010000
0000000000000000
0000000100000000

